Energy outputs   (0.189 MeV RMS for JP fit) 
       exp      error        BAB         JP       Diff 
    0.0000     1.2042     0.0000     0.0000     0.0000
  -14.7900     0.1450   -14.8441   -14.9455     0.1014
  -14.1340    -0.0500   -14.1266   -14.1375     0.0109
  -13.2790    -0.0500   -13.3292   -13.2805    -0.0487
  -10.0900     1.0060    -9.6414    -9.7613     0.1199
  -31.3200     0.1000   -31.1814   -31.2560     0.0746
  -29.8230     0.1000   -29.6990   -29.8025     0.1035
  -29.3410     0.1000   -29.1417   -29.3780     0.2363
  -28.6900     0.1000   -28.7319   -28.6773    -0.0546
  -44.5880     0.1000   -44.5157   -44.6659     0.1502
  -44.2370     0.1000   -44.0640   -44.1748     0.1108
  -43.7850     0.1000   -43.9094   -43.8846    -0.0248
  -43.3520     0.1000   -43.1434   -43.2809     0.1375
  -42.6360     0.1000   -42.6159   -42.6903     0.0744
  -40.5880     1.0060   -40.4192   -40.6167     0.1975
  -59.6640     0.1000   -59.5026   -59.6820     0.1794
  -58.3160     0.1000   -57.9733   -58.1454     0.1721
  -57.4480     0.1000   -57.1067   -57.4293     0.3226
  -57.3760     0.1000   -57.2701   -57.4241     0.1540
  -57.3310     0.1000   -57.1138   -57.2611     0.1473
  -57.1400     0.1000   -57.1114   -57.0980    -0.0134
  -56.9620     0.1000   -56.7519   -56.9250     0.1731
  -56.9500     0.1000   -56.7399   -56.8569     0.1170
  -56.7810     1.0060   -56.2607   -56.4122     0.1515
  -56.7310     1.0060   -55.6578   -55.7545     0.0967
  -56.4370     1.0060   -55.9555   -55.6691    -0.2864
  -71.2070     0.1000   -71.1173   -71.1794     0.0621
  -70.9000     0.1000   -71.0294   -71.1242     0.0948
  -70.4950     0.1000   -70.2185   -70.4528     0.2343
  -70.0130     0.1000   -70.0638   -70.1177     0.0539
  -69.6640     0.1000   -69.5901   -69.7005     0.1104
  -69.3400     0.1000   -69.3530   -69.3424    -0.0106
  -68.4280     1.0060   -68.1221   -68.3599     0.2378
  -68.1130     1.0060   -68.2872   -68.1302    -0.1570
  -84.7750     0.1000   -84.6858   -84.7992     0.1134
  -83.3210     0.1000   -82.9655   -83.0848     0.1193
  -82.6530     0.1000   -82.4417   -82.5112     0.0695
  -82.3140     0.1000   -82.0449   -82.2113     0.1664
  -82.8080     0.1000   -82.9462   -82.8980    -0.0482
  -82.0750     0.1000   -82.1487   -82.2204     0.0717
  -81.4030     1.0060   -80.9366   -80.7195    -0.2171
  -81.2370     1.0060   -80.9738   -80.5033    -0.4705
  -94.6910     0.1000   -94.8026   -94.7668    -0.0358
  -94.3460     0.1000   -94.3940   -94.4510     0.0570
  -93.7350     0.1000   -93.8479   -93.8508     0.0029
  -93.5000     0.1000   -93.7422   -93.6285    -0.1137
  -93.2640     0.1000   -93.4418   -93.1989    -0.2429
  -93.1380     0.1000   -93.2957   -93.2575    -0.0382
  -93.1200     0.1000   -93.2590   -93.1319    -0.1271
  -92.9660     0.1000   -93.1281   -92.9927    -0.1354
  -92.8960     0.1000   -93.1901   -92.8873    -0.3028
  -92.8320     0.1000   -92.6071   -92.6631     0.0560
  -92.5260     0.1000   -92.7555   -92.6614    -0.0941
  -91.3650     1.0060   -90.4209   -90.2519    -0.1690
  -91.2700     1.0060   -91.0309   -90.7954    -0.2355
  -91.0060     1.0060   -90.8118   -90.6746    -0.1372
  -90.8350     0.1000   -90.8271   -90.7631    -0.0640
 -106.6700     0.1000  -106.7549  -106.7100    -0.0449
 -105.1050     0.1000  -105.1326  -105.0936    -0.0390
 -104.4200     0.1000  -104.4744  -104.3723    -0.1021
 -104.3210     0.1000  -104.2746  -104.2376    -0.0370
 -103.9440     1.0060  -104.0347  -102.9274    -1.1073
 -103.7530     0.1000  -103.7602  -103.6114    -0.1488
 -103.5710     0.1000  -103.4504  -103.4559     0.0055
 -102.7350     0.1000  -102.8582  -102.7821    -0.0761
 -102.2390     0.1000  -102.3274  -102.2436    -0.0838
 -101.9770     1.2042  -102.1596  -102.2979     0.1383
 -115.2920     0.1000  -115.3648  -115.2609    -0.1039
 -114.8890     0.1000  -114.9099  -114.8253    -0.0846
 -114.4470     0.1000  -114.7111  -114.4563    -0.2548
 -113.9430     0.1000  -113.6248  -113.8079     0.1831
 -113.9020     0.1000  -114.0539  -113.9616    -0.0923
 -113.8290     0.1000  -113.9774  -113.7962    -0.1812
 -113.7140     0.1000  -113.8550  -113.7888    -0.0662
 -113.6140     0.1000  -113.5177  -113.4709    -0.0468
 -113.5520     1.0060  -113.0511  -112.8412    -0.2099
 -112.2910     0.1000  -112.3014  -112.1844    -0.1170
 -112.1930     0.1000  -112.3234  -112.2240    -0.0994
 -111.6480     0.1000  -111.8635  -111.5989    -0.2646
 -111.1410     0.1000  -111.2753  -111.1741    -0.1012
 -125.9040     0.1000  -125.9388  -125.8293    -0.1095
 -124.0680     0.1000  -124.1272  -124.0625    -0.0647
 -123.1700     0.1000  -123.3120  -123.1572    -0.1548
 -122.7480     0.1000  -122.7513  -122.7034    -0.0479
 -122.6860     0.1000  -122.8209  -122.7383    -0.0826
 -122.2690     0.1000  -122.4809  -122.2991    -0.1818
 -122.4170     0.1000  -122.4643  -122.4486    -0.0157
 -122.3190     0.1000  -122.4241  -122.3402    -0.0839
 -121.9510     0.1000  -122.1246  -122.0171    -0.1075
 -121.9120     1.0060  -122.0873  -122.3272     0.2399
 -121.8840     0.1000  -121.8371  -121.7974    -0.0397
 -132.9830     0.1000  -133.0465  -132.9586    -0.0879
 -132.0740     0.1000  -132.1571  -132.0747    -0.0824
 -131.4760     0.1000  -131.4743  -131.5484     0.0741
 -131.2380     0.1000  -131.4532  -131.4490    -0.0042
 -130.7610     0.1000  -131.0750  -130.8871    -0.1879
 -130.4530     0.1000  -130.5715  -130.4481    -0.1234
 -130.4160     0.1000  -130.5851  -130.5602    -0.0249
 -130.3610     0.1000  -130.2741  -130.3627     0.0886
 -130.0900     0.1000  -130.2400  -130.1100    -0.1300
 -129.6400     0.1000  -129.8452  -129.7749    -0.0703
 -128.8510     0.1000  -128.9660  -128.8443    -0.1217
 -128.5330     0.1000  -128.5871  -128.5818    -0.0053
 -128.1440     0.1000  -128.1138  -128.1579     0.0441
 -141.3330     0.1000  -141.3526  -141.2733    -0.0793
 -139.5720     0.1000  -139.6145  -139.4842    -0.1303
 -139.1470     0.1000  -139.1756  -139.0783    -0.0973
 -139.0140     0.1000  -139.0699  -139.0085    -0.0614
 -138.5940     0.1000  -138.6545  -138.5812    -0.0733
 -138.5850     0.1000  -138.6382  -138.6065    -0.0317
 -138.2560     0.1000  -138.2771  -138.2478    -0.0293
 -138.0240     0.1000  -137.8925  -138.0131     0.1206
 -137.8850     0.1000  -137.9498  -137.8626    -0.0872
 -137.7440     0.1000  -137.8340  -137.8056    -0.0284
 -136.9580     1.0060  -137.2935  -137.3265     0.0330
 -136.0850     0.1000  -136.2135  -136.2017    -0.0118
 -135.6890     0.1000  -135.9077  -135.7851    -0.1226
 -146.4880     0.1000  -146.5552  -146.4997    -0.0555
 -146.3830     0.1000  -146.4562  -146.3620    -0.0942
 -145.3010     0.1000  -145.3542  -145.2904    -0.0638
 -145.1750     0.1000  -145.2079  -145.1388    -0.0691
 -144.9070     0.1000  -145.0081  -144.9980    -0.0101
 -144.8750     0.1000  -144.8879  -144.9452     0.0573
 -144.8510     0.1000  -144.9409  -144.8873    -0.0536
 -144.6980     0.1000  -144.6920  -144.7199     0.0279
 -144.5040     0.1000  -144.5695  -144.4726    -0.0969
 -144.4540     0.1000  -144.5144  -144.4757    -0.0387
 -144.1980     0.1000  -144.2990  -144.2042    -0.0948
 -144.0750     0.1000  -144.1205  -144.0327    -0.0878
 -143.8280     0.1000  -143.8280  -143.7644    -0.0636
 -143.3780     0.1000  -143.4145  -143.3770    -0.0375
 -143.0220     0.1000  -143.0368  -143.0528     0.0160
 -153.9470     0.1000  -153.9255  -153.8958    -0.0297
 -152.4370     0.1000  -152.3742  -152.3241    -0.0501
 -151.6640     0.1000  -151.6221  -151.6698     0.0477
 -151.4270     0.1000  -151.4315  -151.4445     0.0130
 -151.4200     0.1000  -151.4573  -151.4319    -0.0254
 -151.3350     0.1000  -151.3591  -151.2938    -0.0653
 -151.1870     0.1000  -151.2446  -151.2273    -0.0173
 -151.0970     0.1000  -151.0293  -151.0651     0.0358
 -150.8560     1.2042  -150.9128  -150.8641    -0.0487
 -150.3240     1.2042  -150.3642  -150.3316    -0.0326
 -158.0340     0.1000  -158.0443  -158.0448     0.0005
 -157.6420     0.1000  -157.6290  -157.6170    -0.0120
 -157.3530     0.1000  -157.2949  -157.2976     0.0027
 -156.6260     0.1000  -156.6111  -156.5463    -0.0648
 -156.6000     0.1000  -156.5771  -156.5226    -0.0545
 -156.5180     0.1000  -156.5051  -156.5291     0.0240
 -155.8490     0.1000  -155.8698  -155.8992     0.0294
 -155.8490     0.1000  -155.8004  -155.8550     0.0546
 -155.8490     0.1000  -155.8911  -155.8806    -0.0105
 -155.4990     0.1000  -155.4965  -155.5057     0.0092
 -154.7530     0.1000  -154.7604  -154.7696     0.0092
 -154.1460     0.1000  -154.0724  -154.0569    -0.0155
 -164.3000     0.1000  -164.2323  -164.2728     0.0405
 -162.8690     0.1000  -162.7701  -162.8227     0.0526
 -162.1130     0.1000  -162.0518  -162.0946     0.0428
 -161.8020     0.1000  -161.7524  -161.7968     0.0444
 -161.7970     0.1000  -161.7629  -161.7555    -0.0074
 -161.6760     0.1000  -161.6498  -161.7045     0.0547
 -161.6560     0.1000  -161.6644  -161.6804     0.0160
 -161.3050     0.1000  -161.1674  -161.3742     0.2068
 -160.6420     0.1000  -160.6235  -160.6476     0.0241
 -167.3460     0.1000  -167.3190  -167.3770     0.0580
 -166.8030     0.1000  -166.6833  -166.7424     0.0591
 -166.6660     0.1000  -166.6243  -166.6656     0.0413
 -166.1660     0.1000  -166.1025  -166.1888     0.0863
 -165.9950     0.1000  -165.9209  -165.9762     0.0553
 -165.9160     0.1000  -165.8564  -165.9064     0.0500
 -165.2780     0.1000  -165.1870  -165.2541     0.0671
 -165.1100     0.1000  -165.1023  -165.1535     0.0512
 -164.8960     0.1000  -164.8467  -164.8837     0.0370
 -164.1030     0.1000  -164.0550  -164.0721     0.0171
 -163.6220     0.1000  -163.4547  -163.5369     0.0822
 -163.4370     0.1000  -163.3923  -163.4180     0.0257
 -172.4780     0.1000  -172.4001  -172.4816     0.0815
 -171.0630     0.1000  -170.9948  -171.0850     0.0902
 -170.3790     0.1000  -170.2843  -170.3771     0.0928
 -170.0540     0.1000  -170.0278  -170.0794     0.0516
 -169.9470     0.1000  -169.9119  -169.9695     0.0576
 -169.8290     0.1000  -169.7537  -169.8244     0.0707
 -169.2940     0.1000  -169.2203  -169.2705     0.0502
 -168.6940     0.1000  -168.5800  -168.6387     0.0587
 -174.4880     0.1000  -174.4919  -174.5495     0.0576
 -173.7720     0.1000  -173.7945  -173.8561     0.0616
 -173.1980     0.1000  -173.1741  -173.2437     0.0696
 -173.0700     0.1000  -172.9810  -173.0299     0.0489
 -172.8150     0.1000  -172.7603  -172.8167     0.0564
 -172.4680     0.1000  -172.4230  -172.4890     0.0660
 -172.4350     0.1000  -172.3804  -172.4330     0.0526
 -172.1450     0.1000  -172.0903  -172.1302     0.0399
 -178.5090     0.1000  -178.5086  -178.5363     0.0277
 -177.1140     0.1000  -177.1354  -177.2031     0.0677
 -176.4270     0.1000  -176.4406  -176.4151    -0.0255
 -176.2290     0.1000  -176.2443  -176.2837     0.0394
 -176.0810     0.1000  -176.0878  -176.0883     0.0005
 -175.8820     0.1000  -175.8181  -175.8043    -0.0138
 -179.5910     0.1000  -179.6294  -179.5698    -0.0596
 -178.5910     1.2042  -178.6770  -178.5890    -0.0880
 -177.2910    -0.0500  -177.3818  -177.2897    -0.0921
 -176.1910    -0.0500  -176.2632  -176.1865    -0.0767
 -182.5990     0.2600  -182.6056  -182.4378    -0.1678
Parameter outputs (0.616 MeV RMS for JP fit) 
BAB    JP    Diff 
  -14.8441   -14.9455    -0.1014
  -14.1266   -14.1375    -0.0109
  -13.3292   -13.2805     0.0487
   -9.6414    -9.7613    -0.1199
   -0.2067    -0.1950     0.0117
   -0.8678    -1.1511    -0.2833
   -0.7318    -0.7266     0.0052
    2.4351     1.8591    -0.5760
    0.1145     0.1812     0.0667
   -1.0376    -1.5212    -0.4836
    1.0034     0.2283    -0.7751
    0.5429     0.5142    -0.0287
    0.7589     0.6635    -0.0954
   -0.5492    -1.2637    -0.7145
    0.8296     0.0625    -0.7671
    0.1021    -0.7766    -0.8787
    0.6828     0.4414    -0.2414
    0.4007     0.2083    -0.1924
   -0.2650    -0.0203     0.2447
   -0.3456    -0.3991    -0.0535
   -0.2631    -1.1792    -0.9161
   -0.4604     0.4583     0.9187
    0.5412    -0.2703    -0.8115
    1.0486     1.0211    -0.0275
    0.2069    -0.0771    -0.2840
    0.2535     1.1151     0.8616
    0.5297    -0.3718    -0.9015
   -0.6338    -0.4747     0.1591
    0.2174    -0.0871    -0.3045
    0.0948     1.0544     0.9596
   -0.4860    -1.0134    -0.5274
    0.6922     0.2255    -0.4667
    0.0519     0.7542     0.7023
    0.2641     0.2215    -0.0426
   -0.6149    -0.9642    -0.3493
    0.6450     0.4311    -0.2139
    0.1137     0.1480     0.0343
    0.3851     0.8899     0.5048
   -0.0932    -0.3747    -0.2815
    0.8055     1.2346     0.4291
   -0.1203     0.5825     0.7028
    1.1052     1.3103     0.2051
    0.2974    -0.1559    -0.4533
    0.1430     0.6651     0.5221
   -0.4017    -0.3301     0.0716
    0.6100     0.6123     0.0023
    0.1252     0.5542     0.4290
    0.2433    -2.6440    -2.8873
    0.2528     0.2964     0.0436
   -0.8081    -1.5668    -0.7587
    0.5710     0.1682    -0.4028
   -0.0019     0.3881     0.3900
   -0.1160     0.2665     0.3825
    0.5539     0.4515    -0.1024
   -0.1592    -0.0870     0.0722
    0.5947     0.6839     0.0892
    0.3390     0.4236     0.0846
    0.2606     1.2559     0.9953
    0.0500     0.5397     0.4897
   -0.4193    -0.3281     0.0912
    0.0716    -0.1502    -0.2218
    0.4405     0.3513    -0.0892
    0.0839     0.0800    -0.0039
    0.6153     0.5526    -0.0627
    0.4516    -0.1224    -0.5740
    0.8860     1.1240     0.2380
    0.4090     0.4180     0.0090
   -0.4253    -0.7387    -0.3134
    0.5655     0.6134     0.0479

Elements of G: 
 100705350.1819   59066381.2004   19975956.5439   47600325.9848     114031.3835     383203.5788     235837.6507    1809243.3034     155756.9091     232342.2267     649570.0249    -261393.3811     273161.1668     832490.4370   -2193232.2642      -1929.5465   -1461431.3092   -1773460.9874       -549.8535      53702.3624      17523.6715      79515.5411     135029.1135   -4124415.7285       3870.7857      15155.6660      78928.2714     355565.7220    -840366.8947        899.0867      68616.6582     253729.2145     -38077.9096   -1156230.1621      58502.6002     358590.2630    -988157.4081      89719.2287     648643.1577   -3751430.2837      -3834.2930   -4706415.5272    -756729.7072     -28720.2608    1209955.1080   -6164990.7479      13231.5648      19908.5549   -4634703.2885     564549.9383   -2252662.8447      12633.9841       1486.9507   -2108405.3965       3853.8513   -1820693.2476    -415348.2578   -1850006.8712     -17096.3247      41965.2214   -1003932.0060      96106.1184    -424660.8005   -3930083.9864      82516.5501   -5126629.7725   -1256052.7431    1358060.8091   -2543386.7212
  59066381.2004   35826805.2712   12203597.2642   29310534.4222      66815.9058     201582.0000     126793.3231    1036878.7273      95619.0792     131962.7890     383538.2955    -161344.6793     160204.8122     510373.8475   -1334975.2181      -1011.0150    -907801.2289   -1051766.0626       -179.0320      28586.6190       8728.9974      37933.1773      76931.6509   -2513020.3180       2378.6064       8351.0647      41599.9543     210005.4452    -515420.8092        620.6039      39723.6913     153119.6364     -23479.7266    -714721.3093      32163.7809     215555.8167    -613172.6180      53586.0839     403344.1384   -2286827.3262      -2721.2724   -2891615.1189    -466357.3448     -16915.6278     753914.5357   -3659609.9287       5282.7949      10582.5984   -2820490.4026     332525.6527   -1388852.5601       7297.4717        888.5360   -1315970.5985       2292.8210   -1133912.3124    -258803.9129   -1139705.9298     -10160.4631      25075.2534    -625134.4961      56941.8792    -264525.3543   -2422863.4293      47314.6988   -3204071.5234    -783375.0809     837283.1430   -1585800.9588
  19975956.5439   12203597.2642    4811374.9956   11440850.2829      22593.4666      56877.2161      33136.7571     316619.5403      33175.4418      33972.7816     118621.7806     -68777.8643      58687.2996     194438.0002    -467369.5683       -195.1809    -360246.9686    -364737.6474         14.2068       7583.8067       2335.9950       9652.0878      22628.3973    -880022.1255        707.7067       2257.7568       9956.9033      62887.2593    -203525.8864        261.1400      11619.7781      53647.3289      -9282.2840    -251229.1066       8075.3613      64896.8706    -242490.1953      18209.2491     171363.3590    -801940.2987       -486.6520   -1150762.6679    -184512.0199      -5210.2906     298229.1748   -1270069.8999       1357.7757       2859.2602    -984111.3311      96646.5025    -550948.8706       2052.8267        135.3431    -520718.5235        546.0120    -491475.9402    -111963.6055    -450605.0074      -3219.4710       4575.5315    -246022.4546      13621.4958    -112519.5646    -959920.3924      13985.0110   -1273945.6447    -339887.1285     331142.2694    -679359.6742
  47600325.9848   29310534.4222   11440850.2829   31850042.5571      53446.2507     106646.0078      69863.1389     620048.4755      80785.8886      73771.0067     236629.3344    -170799.4783     111914.7763     531476.6041   -1148097.2536       -491.1900    -890327.4549    -889943.6668        173.3834      10255.6038       3715.8133      12412.4810      41668.4415   -2163572.2222       1057.0177       3497.0280      16027.1640     113368.8175    -498780.4429        367.6025      16807.2866      95063.3236     -26073.8178    -618968.3475      12396.2870     119530.3186    -596947.2776      32945.1313     509802.9275   -1979370.5256       -907.8458   -2844386.9734    -517809.2753      -8990.9516     841506.3326   -3111014.6210       1538.4830       5857.7822   -2423455.8198     175466.8444   -1551594.4110       4373.9320        641.9921   -1465392.8439       1575.6509   -1373336.9606    -341151.4550   -1264676.9521      -5255.3401      18626.7229    -687882.0993      41655.2006    -316802.9124   -2702536.2458      24847.9646   -3609252.3118   -1039251.6935     932282.2905   -2073048.8003
    114031.3835      66815.9058      22593.4666      53446.2507        133.6353        506.7305        292.0535       2193.4321        178.3473        283.2111        785.6222       -296.9522        333.3868        961.8322      -2482.4033         -2.7476      -1647.7230      -2011.0213         -0.8872         53.1694         16.1763         81.7416        148.5998      -4666.5803          4.0526         16.3191         90.2316        405.6860       -947.8275          0.6084         71.0163        283.5808        -42.7356      -1305.3436         60.4735        406.2631      -1112.7873         99.0505        715.3551      -4239.2530         -3.1432      -5321.7872       -849.6556        -34.1868       1352.9601      -6992.6109         17.2318         21.5593      -5230.5140        640.2433      -2528.0378         14.8091          1.6538      -2358.6084          4.4452      -2024.4117       -456.7843      -2076.1637        -20.0098         46.9252      -1123.6347        108.9734       -472.2489      -4407.7562         96.6540      -5723.9266      -1381.4154       1522.6531      -2796.3340
    383203.5788     201582.0000      56877.2161     106646.0078        506.7305       4538.4506       1919.5805      11344.7855        567.4752       1818.9713       4250.5255       -677.8581       1680.2260       2721.3927      -6681.5223        -26.0733      -3564.9856      -5998.2979        -17.5594        200.8622         29.2688        389.4228        532.4697     -12577.6027          5.5349         64.4487        486.9791       1559.4728      -2118.0721         -7.6774        203.7272        805.1909        -77.7276      -3419.3597        188.6812       1460.1513      -2429.7413        273.4760        951.5175     -11317.3583         13.0706     -11772.8507      -1549.4383       -161.2676       2345.9315     -20828.9701        184.9597        102.4417     -14139.8470       2504.1713      -4540.3096         65.2836          5.0589      -4143.3487         17.1111      -2952.1533       -540.0780      -3788.0994        -87.8416        136.8318      -2049.6737        340.2313       -686.3519      -7949.0296        433.4245      -9662.9543      -1567.5238       2749.0002      -3200.6152
    235837.6507     126793.3231      33136.7571      69863.1389        292.0535       1919.5805       1405.5514       6222.7395        329.1012       1293.6446       2220.4575       -484.5870       1276.5729       1538.9136      -4343.9349        -15.2830      -2114.2489      -3816.4065         -6.1543        148.7868         39.8433        260.3197        351.6630      -8135.6289          6.9221         46.5426        335.2899        970.1940      -1273.6336         -3.1920        141.1983        426.1350        -51.8789      -2166.5241        173.1774        912.9256      -1443.3816        147.0265        620.0887      -7341.5388         -4.9035      -7027.1290      -1027.9014        -89.4286       1578.1671     -13225.6578         71.0214         63.5246      -9185.2069       1582.8947      -3019.4696         44.5766          4.5137      -2747.9474         12.6595      -1961.8161       -351.6536      -2517.0920        -48.2731        112.4523      -1348.6868        250.6314       -443.7360      -5292.0782        269.3631      -6440.9010      -1027.7414       1838.2647      -2156.0179
   1809243.3034    1036878.7273     316619.5403     620048.4755       2193.4321      11344.7855       6222.7395      48960.4068       2737.9414       5938.1788      17637.5075      -3667.3820       7652.7710      16275.1380     -36888.8423        -60.5820     -21629.7200     -30590.7807        -21.9085       1012.0626        294.0208       1600.8712       2729.3634     -69380.1270         75.2611        321.5525       1854.6118       8212.5824     -12669.5910          3.5348       1333.5985       5068.9410       -470.6483     -19180.8777       1160.1230       8003.1741     -14673.2734       1676.5067       6283.6119     -62769.1982        -59.0468     -70265.8012      -9389.5043       -788.6302      14634.2909    -106166.5980        351.9137        353.4140     -77775.9762      12893.4768     -27618.1841        295.6201         22.2211     -25756.3671         88.0832     -19128.1544      -3603.8516     -22960.5597       -449.5624        657.2827     -12568.4036       1729.6708      -4458.5131     -48178.9662       2125.6209     -60631.9828     -10592.8729      16646.5587     -21245.2385
    155756.9091      95619.0792      33175.4418      80785.8886        178.3473        567.4752        329.1012       2737.9414        264.3013        363.5058       1055.7826       -447.6054        437.6398       1413.2816      -3604.7943         -3.1379      -2505.2392      -2804.2483         -0.1696         61.4835         18.5573         77.3032        191.2044      -6794.5905          5.5849         18.2337         93.6065        538.2908      -1406.6869          1.2141         90.3235        397.9077        -64.8843      -1955.5123         66.4090        558.6440      -1689.1409        136.9444       1112.0440      -6185.8091         -5.6200      -7929.2263      -1288.1882        -44.8444       2098.1217      -9771.4334         12.7555         25.6206      -7606.7041        846.5399      -3838.8605         19.1385          2.3878      -3669.1897          6.1650      -3148.0290       -715.7975      -3146.2364        -26.6284         67.2907      -1738.8040        151.8115       -734.8607      -6694.7580        120.3357      -8944.4356      -2170.9395       2312.9874      -4392.6790
    232342.2267     131962.7890      33972.7816      73771.0067        283.2111       1818.9713       1293.6446       5938.1788        363.5058       1375.9710       2312.5022       -501.4894       1188.0768       1598.2218      -4542.1668        -15.7387      -2225.5249      -3820.6327         -4.7222        138.9793         33.6818        207.0444        351.2272      -8545.5882          8.4850         36.9238        294.8396        993.9806      -1314.1792         -3.8325        145.0160        456.8683        -55.3931      -2367.6775        139.3970        979.8388      -1518.9763        154.0827        666.6324      -7717.5832        -11.9265      -7252.4925      -1091.5819        -88.3937       1695.3024     -13264.4143         56.5951         58.0021      -9618.6289       1620.3276      -3203.4433         44.7079          6.0559      -2979.0999         16.1187      -2048.1857       -377.3256      -2667.0302        -49.9356        142.9560      -1451.0621        285.6354       -463.6433      -5621.8827        263.9146      -6985.2429      -1106.7589       1957.2596      -2329.3296
    649570.0249     383538.2955     118621.7806     236629.3344        785.6222       4250.5255       2220.4575      17637.5075       1055.7826       2312.5022       6804.2201      -1427.9425       2943.5093       6180.4344     -13729.6883        -23.6277      -8284.0266     -11085.4718         -6.3805        311.2684         80.6614        430.2295        933.4808     -25912.7339         25.0533         99.1090        573.0550       2974.2365      -4771.6516          0.0550        428.5037       1815.0101       -180.6499      -7312.5510        327.7179       2959.7754      -5608.6079        582.2275       2420.2893     -23480.7876        -23.2103     -26617.5821      -3596.5041       -293.7871       5643.0908     -38567.2941        104.1666        110.1943     -29022.3603       4663.5284     -10589.6538        109.0392          7.7440      -9995.9539         32.1266      -7471.7368      -1408.1923      -8793.8201       -169.6564        229.2892      -4863.0668        619.3240      -1741.7907     -18489.3504        772.2123     -23532.0318      -4158.8465       6390.6601      -8342.6366
   -261393.3811    -161344.6793     -68777.8643    -170799.4783       -296.9522       -677.8581       -484.5870      -3667.3820       -447.6054       -501.4894      -1427.9425       1158.8154       -966.9937      -2813.7635       6288.5389          2.9275       5355.2414       4860.0151         -0.6845        -55.7549        -20.9124        -66.9440       -238.7568      11848.7362         -6.3142        -20.6931        -89.6170       -672.8364       2984.9437         -2.2753        -83.8307       -628.6125        139.7404       3402.4802        -66.1197       -704.2047       3587.4445       -210.1998      -2717.2488      10831.0351          3.3274      17044.4466       2776.1915         56.1045      -4507.5562      16983.1972        -11.7829        -31.2863      13264.0182      -1019.3723       8309.8042        -22.8959         -0.3806       7865.7788         -5.7203       7985.1634       1801.7410       6776.0436         35.1069        -17.5637       3696.5319       -106.1905       1786.5383      14470.4647       -151.3779      19329.0369       5480.5779      -4987.8519      10847.6910
    273161.1668     160204.8122      58687.2996     111914.7763        333.3868       1680.2260       1276.5729       7652.7710        437.6398       1188.0768       2943.5093       -966.9937       2270.3034       2818.4326      -5832.4598        -10.4175      -4225.9725      -4724.5218         -2.0185         91.7605         30.1012        139.4033        317.6922     -10993.5709          7.3428         37.4779        215.5821       1133.1259      -2395.6427         -1.2959         84.7424        659.4975        -86.4567      -3074.2087        109.6964       1095.8677      -2833.6168        167.6184       1212.5203      -9991.4524         -7.0170     -13611.1110      -1718.2998       -123.4892       2712.1787     -16467.8967         34.6235         36.9721     -12337.3543       1778.1094      -5087.9818         43.5222         -4.1003      -4806.0102          2.0158      -4378.3090       -738.2894      -4214.3188        -71.0089        -62.4551      -2327.1749         88.3580       -977.8025      -8894.7473        333.8715     -11376.0935      -2225.9027       3066.0590      -4401.8889
    832490.4370     510373.8475     194438.0002     531476.6041        961.8322       2721.3927       1538.9136      16275.1380       1413.2816       1598.2218       6180.4344      -2813.7635       2818.4326      12000.5262     -19673.0650        -11.0420     -14852.3452     -15295.9459          0.6523        178.0870         59.4232        228.8627        682.3406     -37065.6145         19.2874         67.6354        323.2810       2223.1935      -8339.4723          4.5329        290.9893       1639.7250       -429.8224     -10594.1540        217.3246       2267.9162      -9958.6407        532.2339       8341.8799     -33869.2643        -13.3345     -47527.0604      -8549.4460       -224.2591      13843.4946     -53452.2337         44.1070         83.4234     -41493.4057       3345.6893     -25576.0581         85.7230         11.6898     -24212.8139         41.5658     -22120.4431      -5534.7643     -20859.3090       -119.5180        333.1117     -11390.0065        742.3419      -5061.4877     -44487.3191        549.3226     -59263.0912     -16786.7156      15329.0151     -32857.2844
  -2193232.2642   -1334975.2181    -467369.5683   -1148097.2536      -2482.4033      -6681.5223      -4343.9349     -36888.8423      -3604.7943      -4542.1668     -13729.6883       6288.5389      -5832.4598     -19673.0650      50790.9320         30.7938      35217.9268      39764.7099         -2.4998       -917.3477       -281.0957      -1168.4630      -2731.1166      95563.3423        -81.4464       -275.5436      -1341.5867      -7525.8423      19960.0023        -22.9054      -1327.2876      -5637.0236        926.4907      27164.0696      -1034.6097      -7748.6304      23738.0493      -1954.3825     -15980.3856      87062.5463         85.7024     112434.4791      18401.6006        607.1483     -29741.3323     138457.1973       -145.0593       -359.2556     107054.4168     -11836.4040      54856.7450       -264.9749        -33.4000      51890.9601        -84.8978      45023.6942      10305.1274      44956.3378        363.6639       -947.8265      24591.1466      -2148.1943      10508.7782      95634.8155      -1690.9581     126545.8797      31266.1489     -33039.4715      63259.6897
     -1929.5465      -1011.0150       -195.1809       -491.1900         -2.7476        -26.0733        -15.2830        -60.5820         -3.1379        -15.7387        -23.6277          2.9275        -10.4175        -11.0420         30.7938          0.8069         10.1790         29.5543          0.0089          0.6564          0.6968          1.0172         -2.2503         61.5783          0.0305         -0.0263         -5.9598         -8.0163          6.8588          0.2677          0.5291         -0.9972          0.3399         15.4196         -0.6763         -6.5746          7.2930         -0.7074         -2.8498         54.0524          0.0805         37.3758          6.7176          1.0040        -10.0111        108.3417         -0.5476         -0.5387         71.2381        -14.0510         19.8518         -0.3592         -0.0656         16.3385         -0.1276          8.0312          1.5273         16.7463          0.3441         -1.5879          8.2177         -2.7562          1.9915         34.5158         -3.1263         38.0844          4.2307        -12.1984          9.6173
  -1461431.3092    -907801.2289    -360246.9686    -890327.4549      -1647.7230      -3564.9856      -2114.2489     -21629.7200      -2505.2392      -2225.5249      -8284.0266       5355.2414      -4225.9725     -14852.3452      35217.9268         10.1790      27972.1386      27079.1457         -5.7115       -405.8891       -139.3400       -467.6860      -1522.4814      66386.7526        -44.1293       -134.8844       -540.0768      -4308.9214      15595.3434        -17.9577       -669.3461      -3811.6992        725.2633      19138.1935       -461.7193      -4509.5283      18750.4008      -1282.7996     -13496.5137      60631.8963         33.3100      88612.3498      14414.8196        357.0742     -23520.5510      94544.1619        -49.0428       -187.1356      74279.1585      -6622.4362      43098.8851       -139.5082         -8.8575      41079.7311        -36.0721      38869.7407       8870.5159      35203.1334        220.1105       -313.1561      19358.6634       -953.8479       8902.0882      75071.8211       -934.4358     100748.3952      26982.8844     -25888.7119      53900.0432
  -1773460.9874   -1051766.0626    -364737.6474    -889943.6668      -2011.0213      -5998.2979      -3816.4065     -30590.7807      -2804.2483      -3820.6327     -11085.4718       4860.0151      -4724.5218     -15295.9459      39764.7099         29.5543      27079.1457      31930.6703          1.5770       -813.2100       -275.2219      -1176.9619      -2287.8427      74867.5076        -63.2300       -235.0333      -1206.5244      -6097.7084      15532.0906        -15.9162      -1093.6329      -4460.7963        717.5267      21009.4266       -899.6979      -6182.9567      18265.3245      -1558.4525     -12275.6120      68178.7533         58.8260      87354.1239      14257.9498        493.2632     -22786.8241     111045.2047       -160.5689       -317.0903      83942.1636      -9620.8048      42487.6493       -219.3278        -26.7194      39699.4545        -68.2589      34529.7844       7899.0812      34847.7906        293.6019       -758.4335      18858.3418      -1734.5335       8057.9133      74078.1652      -1413.4351      96688.0231      23944.1796     -25591.7035      48462.7142
      -549.8535       -179.0320         14.2068        173.3834         -0.8872        -17.5594         -6.1543        -21.9085         -0.1696         -4.7222         -6.3805         -0.6845         -2.0185          0.6523         -2.4998          0.0089         -5.7115          1.5770          0.4793         -2.5316          0.5159         -3.8878         -0.0994         -7.1291         -0.0364         -0.6648         -2.4436          0.0039         -2.9269         -0.0168         -1.1985          0.8288         -0.1685         -2.5154         -1.5927          0.5454         -3.5075          0.0566          2.5569        -10.1453         -0.1256        -19.6407         -3.3227         -0.0891          5.6498         -1.6425         -2.6873         -0.5923         -8.2846         -0.5764        -10.0000         -0.0919          0.0088         -9.6433          0.0208         -7.9203         -1.3461         -8.2778         -0.0590          0.2534         -4.4631          0.4656         -1.8579        -17.1596          0.1333        -23.8843         -4.0480          5.9193         -8.7272
     53702.3624      28586.6190       7583.8067      10255.6038         53.1694        200.8622        148.7868       1012.0626         61.4835        138.9793        311.2684        -55.7549         91.7605        178.0870       -917.3477          0.6564       -405.8891       -813.2100         -2.5316        152.1444         39.9152        202.3059        131.1423      -1645.7284          7.5846         24.4931        107.6262        247.8919       -273.4031          3.5441        143.4322        201.4620         -7.1957       -444.6248        101.2933        245.5620       -304.9191         81.3405         97.4803      -1418.6343         -4.1992      -1294.8565       -142.0255        -14.6930        215.0435      -2547.0515         32.9281         22.7245      -1816.0150        374.5057       -406.7481          7.9655          1.0819       -370.8670          2.4765       -249.9391        -42.2119       -343.6870         -9.6188         26.6262       -187.5714         47.9967        -58.3759       -727.6022         41.4007       -898.4198       -109.5966        255.9747       -254.2076
     17523.6715       8728.9974       2335.9950       3715.8133         16.1763         29.2688         39.8433        294.0208         18.5573         33.6818         80.6614        -20.9124         30.1012         59.4232       -281.0957          0.6968       -139.3400       -275.2219          0.5159         39.9152         29.1060         68.0833         47.1072       -524.5678          2.3941          6.7006         25.6107         75.3695        -87.7182          1.3344         30.4118         58.6913         -2.6879       -145.9863         34.5041         79.4379       -100.2329         24.0515         38.9879       -469.6336         -2.5068       -446.2339        -53.7856         -4.5864         81.2787       -903.4330          3.9556          7.5307       -599.2325        116.5471       -156.6417          2.0939          0.2454       -140.6672          0.5869       -102.8480        -18.0239       -131.9583         -3.0716          7.0240        -71.5152         15.3195        -24.4407       -278.9450         12.6968       -345.6261        -48.9209         96.4759       -107.3236
     79515.5411      37933.1773       9652.0878      12412.4810         81.7416        389.4228        260.3197       1600.8712         77.3032        207.0444        430.2295        -66.9440        139.4033        228.8627      -1168.4630          1.0172       -467.6860      -1176.9619         -3.8878        202.3059         68.0833        342.7826        191.4563      -2098.3087          8.9463         39.1187        166.5100        330.5467       -328.5182          4.8310        182.8541        247.4532         -8.3082       -539.3433        152.8496        310.4943       -361.6877        108.4095        107.9818      -1786.8040          1.9828      -1552.0779       -165.7613        -18.8861        237.7701      -3753.8603         62.7046         40.2106      -2304.1445        495.0077       -472.8039         12.4710          1.2775       -402.7732          2.7882       -261.2248        -45.1922       -402.0434        -12.0214         33.0719       -212.1459         64.8036        -61.6101       -849.8200         56.5447       -979.4803       -113.9421        296.5167       -266.7494
    135029.1135      76931.6509      22628.3973      41668.4415        148.5998        532.4697        351.6630       2729.3634        191.2044        351.2272        933.4808       -238.7568        317.6922        682.3406      -2731.1166         -2.2503      -1522.4814      -2287.8427         -0.0994        131.1423         47.1072        191.4563        276.0540      -5126.7362          9.0923         31.1474        157.2884        666.8604       -913.9953          2.8521        164.4529        493.6243        -31.7379      -1412.4787        130.6313        673.9928      -1049.1868        181.2980        455.0643      -4631.0227         -9.4428      -4938.2586       -630.7278        -48.8071        979.8602      -7858.9616         18.0593         34.3000      -5759.1149       1029.4985      -1847.3590         20.6217          2.8757      -1701.4258          7.2540      -1248.7803       -222.3783      -1542.7165        -31.8192         73.0664       -836.5192        147.4241       -294.7575      -3233.5965        146.9368      -4031.2285       -619.1538       1123.9779      -1346.0175
