Energy outputs   (0.0703 MeV RMS for JP fit) 
       exp      error        BAB         JP       Diff 
    0.0000     0.1000     0.0000     0.0000     0.0000
  -14.7900     0.1000   -14.8643   -14.8642    -0.0001
    0.6560     0.1000   -14.2390     0.6255   -14.8645
    1.5110     0.1000   -13.3503     1.5139   -14.8642
  -31.3200     0.1000   -31.2163   -31.2163    -0.0000
    1.4970     0.1000   -29.7635     1.4529   -31.2164
    1.9790     0.1000   -29.2777     1.9387   -31.2164
    2.6300     0.1000   -28.5505     2.6659   -31.2164
  -44.5880     0.1000   -44.5765   -44.5764    -0.0001
    0.3510     0.1000   -44.1255     0.4510   -44.5765
    0.8030     0.1000   -43.8173     0.7594   -44.5767
    1.2360     0.1000   -43.2157     1.3610   -44.5767
    1.9520     0.1000   -42.6568     1.9195   -44.5763
  -59.6640     0.1000   -59.5748   -59.5748     0.0000
    1.3480     0.1000   -58.0812     1.4936   -59.5748
    2.2160     0.1000   -57.4038     2.1708   -59.5746
    2.2880     0.1000   -57.3462     2.2285   -59.5747
    2.3330     0.1000   -57.1442     2.4306   -59.5748
    2.5240     0.1000   -57.0594     2.5155   -59.5749
    2.7020     0.1000   -56.8225     2.7524   -59.5749
    2.7140     0.1000   -56.7720     2.8028   -59.5748
  -71.2070     0.1000   -71.1596   -71.1597     0.0001
    0.3070     0.1000   -71.0280     0.1317   -71.1597
    0.7120     0.1000   -70.3988     0.7608   -71.1596
    1.1940     0.1000   -70.0210     1.1386   -71.1596
    1.5430     0.1000   -69.6565     1.5033   -71.1598
    1.8670     0.1000   -69.2951     1.8647   -71.1598
  -84.7750     0.1000   -84.7173   -84.7175     0.0002
    1.4540     0.1000   -83.0275     1.6899   -84.7174
    2.1220     0.1000   -82.4888     2.2286   -84.7174
    2.4610     0.1000   -82.1651     2.5521   -84.7172
    1.9670     0.1000   -82.8864     1.8309   -84.7173
    2.7000     0.1000   -82.1982     2.5192   -84.7174
  -94.6910     0.1000   -94.7406   -94.7407     0.0001
    0.3450     0.1000   -94.4752     0.2653   -94.7405
    0.9560     0.1000   -93.8422     0.8987   -94.7409
    1.1910     0.1000   -93.6836     1.0569   -94.7405
    1.4270     0.1000   -93.2555     1.4852   -94.7407
    1.5530     0.1000   -93.2595     1.4809   -94.7404
    1.5710     0.1000   -93.1391     1.6015   -94.7406
    1.7250     0.1000   -93.0097     1.7310   -94.7407
    1.7950     0.1000   -92.9323     1.8083   -94.7406
    1.8590     0.1000   -92.7074     2.0333   -94.7407
    2.1650     0.1000   -92.6804     2.0603   -94.7407
    3.8560     0.1000   -90.7826     3.9579   -94.7405
 -106.6700     0.1000  -106.6541  -106.6540    -0.0001
    1.5650     0.1000  -105.1128     1.5412  -106.6540
    2.2500     0.1000  -104.3866     2.2674  -106.6540
    2.3490     0.1000  -104.2335     2.4206  -106.6541
    2.9170     0.1000  -103.5876     3.0666  -106.6542
    3.0990     0.1000  -103.4708     3.1830  -106.6538
    3.9350     0.1000  -102.8346     3.8197  -106.6543
    4.4310     0.1000  -102.2633     4.3907  -106.6540
 -115.2920     0.1000  -115.3245  -115.3244    -0.0001
    0.4030     0.1000  -114.9816     0.3426  -115.3242
    0.8450     0.1000  -114.4660     0.8586  -115.3246
    1.3490     0.1000  -113.8821     1.4424  -115.3245
    1.3900     0.1000  -114.0378     1.2867  -115.3245
    1.4630     0.1000  -113.8553     1.4693  -115.3246
    1.5780     0.1000  -113.8010     1.5237  -115.3247
    1.6780     0.1000  -113.5091     1.8153  -115.3244
    3.0010     0.1000  -112.2567     3.0676  -115.3243
    3.0990     0.1000  -112.2898     3.0347  -115.3245
    3.6440     0.1000  -111.6458     3.6784  -115.3242
    4.1510     0.1000  -111.1663     4.1582  -115.3245
 -125.9040     0.1000  -125.9588  -125.9589     0.0001
    1.8360     0.1000  -124.1223     1.8365  -125.9588
    2.7340     0.1000  -123.2542     2.7047  -125.9589
    3.1560     0.1000  -122.7592     3.1997  -125.9589
    3.2180     0.1000  -122.8312     3.1277  -125.9589
    3.6350     0.1000  -122.4169     3.5420  -125.9589
    3.4870     0.1000  -122.5362     3.4227  -125.9589
    3.5850     0.1000  -122.4197     3.5390  -125.9587
    3.9530     0.1000  -122.1019     3.8565  -125.9584
    4.0200     0.1000  -121.9248     4.0339  -125.9587
 -132.9830     0.1000  -133.1196  -133.1196    -0.0000
    0.9090     0.1000  -132.1537     0.9659  -133.1196
    1.5070     0.1000  -131.6244     1.4952  -133.1196
    1.7450     0.1000  -131.5636     1.5560  -133.1196
    2.2220     0.1000  -131.0029     2.1166  -133.1195
    2.5300     0.1000  -130.4938     2.6259  -133.1197
    2.5670     0.1000  -130.5223     2.5973  -133.1196
    2.6220     0.1000  -130.5054     2.6141  -133.1195
    2.8930     0.1000  -130.2071     2.9125  -133.1196
    3.3430     0.1000  -129.8598     3.2598  -133.1196
    4.1320     0.1000  -128.9543     4.1654  -133.1197
    4.4500     0.1000  -128.6564     4.4632  -133.1196
    4.8390     0.1000  -128.2403     4.8795  -133.1198
 -141.3330     0.1000  -141.3565  -141.3566     0.0001
    1.7610     0.1000  -139.5335     1.8230  -141.3565
    2.1860     0.1000  -139.1172     2.2394  -141.3566
    2.3190     0.1000  -139.0695     2.2871  -141.3566
    2.7390     0.1000  -138.6523     2.7043  -141.3566
    2.7480     0.1000  -138.7134     2.6433  -141.3567
    3.0770     0.1000  -138.2632     3.0935  -141.3567
    3.3090     0.1000  -138.0361     3.3207  -141.3568
    3.4480     0.1000  -137.9016     3.4551  -141.3567
    3.5890     0.1000  -137.8630     3.4937  -141.3567
    5.2480     0.1000  -136.2248     5.1316  -141.3564
    5.6440     0.1000  -135.9184     5.4381  -141.3565
 -146.4880     0.1000  -146.5251  -146.5250    -0.0001
    0.1050     0.1000  -146.4097     0.1154  -146.5251
    1.1870     0.1000  -145.3086     1.2166  -146.5252
    1.3130     0.1000  -145.1013     1.4237  -146.5250
    1.5810     0.1000  -145.0504     1.4748  -146.5252
    1.6130     0.1000  -144.9615     1.5636  -146.5251
    1.6370     0.1000  -144.9153     1.6097  -146.5250
    1.7900     0.1000  -144.7123     1.8127  -146.5250
    1.9840     0.1000  -144.4602     2.0649  -146.5251
    2.0340     0.1000  -144.4850     2.0401  -146.5251
    2.2900     0.1000  -144.2400     2.2851  -146.5251
    2.4130     0.1000  -144.0116     2.5135  -146.5251
    2.6600     0.1000  -143.8100     2.7150  -146.5250
    3.1100     0.1000  -143.3926     3.1325  -146.5251
    3.4660     0.1000  -143.1031     3.4220  -146.5251
 -153.9470     0.1000  -153.8937  -153.8938     0.0001
    1.5100     0.1000  -152.2839     1.6100  -153.8939
    2.2830     0.1000  -151.6376     2.2562  -153.8938
    2.5200     0.1000  -151.3555     2.5383  -153.8938
    2.5270     0.1000  -151.4064     2.4874  -153.8938
    2.6120     0.1000  -151.2730     2.6208  -153.8938
    2.7600     0.1000  -151.2132     2.6806  -153.8938
    2.8500     0.1000  -151.0831     2.8107  -153.8938
 -158.0340     0.1000  -158.0092  -158.0091    -0.0001
    0.3920     0.1000  -157.5905     0.4188  -158.0093
    0.6810     0.1000  -157.2606     0.7486  -158.0092
    1.4080     0.1000  -156.5088     1.5004  -158.0092
    1.4340     0.1000  -156.4477     1.5615  -158.0092
    1.5160     0.1000  -156.4713     1.5380  -158.0093
    2.1850     0.1000  -155.8634     2.1455  -158.0089
    2.1850     0.1000  -155.7867     2.2226  -158.0093
    2.1850     0.1000  -155.8280     2.1811  -158.0091
    2.5350     0.1000  -155.4779     2.5312  -158.0091
    3.2810     0.1000  -154.7195     3.2896  -158.0091
    3.8880     0.1000  -154.0565     3.9527  -158.0092
 -164.3000     0.1000  -164.2210  -164.2210    -0.0000
    1.4310     0.1000  -162.7702     1.4509  -164.2211
    2.1870     0.1000  -162.0108     2.2103  -164.2211
    2.4980     0.1000  -161.7619     2.4590  -164.2209
    2.5030     0.1000  -161.6905     2.5306  -164.2211
    2.6240     0.1000  -161.6372     2.5838  -164.2210
    2.6440     0.1000  -161.6152     2.6059  -164.2211
    2.9950     0.1000  -161.3246     2.8965  -164.2211
    3.6580     0.1000  -160.5785     3.6425  -164.2210
 -167.3460     0.1000  -167.3180  -167.3179    -0.0001
    0.5430     0.1000  -166.7226     0.5954  -167.3180
    0.6800     0.1000  -166.6053     0.7127  -167.3180
    1.1800     0.1000  -166.1598     1.1580  -167.3178
    1.3510     0.1000  -165.9214     1.3965  -167.3179
    1.4300     0.1000  -165.8514     1.4664  -167.3178
    2.0680     0.1000  -165.1837     2.1343  -167.3180
    2.2360     0.1000  -165.0911     2.2269  -167.3180
    2.4500     0.1000  -164.8257     2.4922  -167.3179
    3.2430     0.1000  -164.0624     3.2554  -167.3178
    3.7240     0.1000  -163.4901     3.8278  -167.3179
    3.9090     0.1000  -163.4158     3.9024  -167.3182
 -172.4780     0.1000  -172.4298  -172.4298     0.0000
    1.4150     0.1000  -171.0553     1.3745  -172.4298
    2.0990     0.1000  -170.3167     2.1132  -172.4299
    2.4240     0.1000  -170.0363     2.3935  -172.4298
    2.5310     0.1000  -169.9100     2.5199  -172.4299
    2.6490     0.1000  -169.7944     2.6356  -172.4300
    3.1840     0.1000  -169.2309     3.1989  -172.4298
    3.7840     0.1000  -168.6151     3.8147  -172.4298
 -174.4880     0.1000  -174.5155  -174.5154    -0.0001
    0.7160     0.1000  -173.8546     0.6607  -174.5153
    1.2900     0.1000  -173.2539     1.2614  -174.5153
    1.4180     0.1000  -173.0057     1.5098  -174.5155
    1.6730     0.1000  -172.7970     1.7184  -174.5154
    2.0200     0.1000  -172.4687     2.0466  -174.5153
    2.0530     0.1000  -172.3966     2.1188  -174.5154
    2.3430     0.1000  -172.1083     2.4072  -174.5155
 -178.5090     0.1000  -178.5409  -178.5409    -0.0000
    1.3950     0.1000  -177.2517     1.2891  -178.5408
    2.0820     0.1000  -176.4201     2.1208  -178.5409
    2.2800     0.1000  -176.3025     2.2383  -178.5408
    2.4280     0.1000  -176.0964     2.4445  -178.5409
    2.6270     0.1000  -175.9151     2.6258  -178.5409
 -179.5910     0.1000  -179.6332  -179.6333     0.0001
    0.6710     0.1000  -178.8905     0.7426  -179.6331
    1.9710     0.1000  -177.6293     2.0040  -179.6333
    2.0710     0.1000  -177.5129     2.1204  -179.6333
 -182.5990     0.1000  -182.5744  -182.5744     0.0000
Parameter outputs (0.616 MeV RMS for JP fit) 
       BAB         JP       Diff 
  -14.8643   -14.8642     0.0001
  -14.2390   -14.2388     0.0002
  -13.3503   -13.3503    -0.0000
  -10.5378   -10.5378     0.0000
   -1.5159    -1.5191    -0.0032
   -1.1826    -1.1831    -0.0005
   -0.8045    -0.8034     0.0011
   -1.1019    -1.1080    -0.0061
    0.0702     0.0713     0.0011
   -1.0718    -1.0727    -0.0009
    0.7517     0.7523     0.0006
    0.3935     0.3943     0.0008
    0.9108     0.9124     0.0016
   -2.4202    -2.4229    -0.0027
   -0.0200    -0.0202    -0.0002
   -0.6327    -0.6284     0.0043
    0.7452     0.7458     0.0006
   -0.1363    -0.1375    -0.0012
    0.3675     0.3685     0.0010
   -0.7172    -0.7178    -0.0006
   -1.5833    -1.5848    -0.0015
    0.7391     0.7404     0.0013
   -3.1045    -3.1119    -0.0074
    0.7971     0.7962    -0.0009
   -0.4134    -0.4148    -0.0014
    1.1642     1.1635    -0.0007
   -0.5335    -0.5324     0.0011
   -0.4707    -0.4711    -0.0004
   -0.0686    -0.0683     0.0003
    1.0070     1.0068    -0.0002
   -1.0869    -1.0871    -0.0002
    0.5671     0.5688     0.0017
    1.5916     1.5941     0.0025
    0.3327     0.3319    -0.0008
   -0.8206    -0.8201     0.0005
    0.6590     0.6584    -0.0006
    0.1487     0.1483    -0.0004
    0.8393     0.8401     0.0008
   -0.6521    -0.6528    -0.0007
    1.3744     1.3763     0.0019
    0.4890     0.4898     0.0008
    1.2548     1.2547    -0.0001
    0.3356     0.3394     0.0038
    0.6161     0.6169     0.0008
   -0.3758    -0.3768    -0.0010
    0.4918     0.4918     0.0000
    0.6381     0.6381     0.0000
   -3.9443    -3.9442     0.0001
    0.2225     0.2215    -0.0010
   -1.1854    -1.1846     0.0008
   -0.0408    -0.0432    -0.0024
    0.6649     0.6658     0.0009
    0.0269     0.0270     0.0001
    0.5638     0.5645     0.0007
   -0.0534    -0.0541    -0.0007
    0.6463     0.6460    -0.0003
    0.2372     0.2369    -0.0003
    1.7361     1.7362     0.0001
    0.6329     0.6321    -0.0008
   -0.1694    -0.1694    -0.0000
   -0.1143    -0.1137     0.0006
    0.2449     0.2447    -0.0002
    0.1191     0.1190    -0.0001
    0.4237     0.4234    -0.0003
   -0.0592    -0.0584     0.0008
    1.0765     1.0765    -0.0000
    0.3896     0.3895    -0.0001
   -0.2783    -0.2783    -0.0000
    0.5956     0.5956     0.0000

Elements of G: 
     54111.0615      29161.0359      11059.1573      39781.2292      10726.6293       4387.6570       4060.3176      -7584.6544       7386.3714       2294.9483      -4702.8325       5241.2343      -4044.1262       6915.9190      20495.6263        296.1331      15205.3736      40226.0771        225.9458       -358.0652        -37.2975        413.9873      -1023.7577      34518.2126        597.7640       -124.7811       -941.4332       3604.5959      25868.3543       -913.1049       -706.5836       -790.9503      18528.7046      31754.3433        -88.2151      -3028.0462      25046.2940       -367.7695      13062.0643      48131.3765       -419.3039      36616.7789      26175.2364       1996.3904      25071.9812      72714.0278       -653.9669       -274.6843      61816.5261       5321.8132      33361.7927       -506.3115       -242.3234      32933.4584        188.2724      28980.2743      22635.5738      41282.8490       1876.1773       -324.0775      41079.9090       -387.4604      35961.6593      48187.3874      -2958.3504      46141.3770      32712.0208      55165.8965      42845.0058
     29161.0359      21702.7641       8110.2717      25494.8835       5434.5219       1357.5597       1474.6264      -4080.0038       5474.5424       1263.8768      -3187.1909       3561.5090      -2589.7248       4714.8706      14076.1601         69.5876      11227.8779      21518.6079        183.4434        339.1406        110.2337         69.8916       -491.7435      23480.7640       -506.4221       -631.1290       -542.1224       2649.5464      18316.5399        118.4713        266.4828       -984.5571      11832.3488      24378.5224        342.9477      -2687.1441      18818.3832       -468.0401       8637.1218      32382.6516        202.8275      25368.4378      16627.1144       1417.1441      16477.3312      38468.4638        -55.4216         58.2680      42435.1656       3818.7722      21190.7025       -258.7846       -333.9053      22087.7229        -16.7506      19499.0979      15000.4429      26233.2551       1367.1770       -542.9311      27538.0675         39.2171      24103.6426      30674.6346      -1683.2752      30989.6256      21667.0763      35260.0970      28192.4674
     11059.1573       8110.2717       5944.2799      10465.9481       2188.7980        865.3516        540.9872      -2413.0911       2218.8925        438.8684      -1939.3534       3261.0072      -2570.2434       2625.4593       5240.6628        -38.5293       7848.2526       8005.1824         63.5927        168.1769         36.4688         43.6709        -73.6546       8741.6025       -286.8746       -240.5916         26.0321       1222.7279      13131.3037        232.0561        216.5098      -1054.4185       4725.8177       9350.5087         28.6393      -1100.5451      13126.4847       -351.6285       3683.5335      11994.4225         28.2451      18170.7937       6677.6025        898.8694       6473.9650      14152.5905         10.1356        147.8729      15454.7668       1459.3862       8485.8980       -114.0921      -1068.5028       8896.8561       -680.6725      12249.2192       6565.3069      10561.5180        861.1785      -1864.3259      11315.1675       1262.4740      13759.0758      12281.1006      -1147.7434      12224.7316       9488.0219      14002.4212      11366.8506
     39781.2292      25494.8835      10465.9481      49597.1034       7289.3089       1849.4889       2069.2394      -4285.7473       6477.5292       1546.9584      -3113.8046       5062.2509      -3212.5572       8609.3243      17850.6999        104.7611      14528.1160      30791.9018        123.1901        117.9317        -39.0640        138.4326        -34.4667      29800.9108          4.5784        -31.1848       -369.0859        477.5484      24606.1831       -194.9585        324.7390        266.7325      23385.4210      29306.3936         79.8746       -457.3014      24393.5100        332.5785      18157.3297      41669.3959         40.9996      34212.0190      32731.0788        402.7910      32511.8953      55437.5707        -79.5942       -147.7391      53680.9948        784.0207      41940.8704       -365.9585        569.1033      41718.9503        820.3845      36356.8891      32334.9946      51259.8806        217.7993       1078.7990      51295.6366      -1336.0105      44893.2433      60709.1489       -876.2287      59924.9155      47040.0005      70333.0022      61652.8387
     10726.6293       5434.5219       2188.7980       7289.3089       3458.5251       2662.1489       1987.6933      -3144.2471       1846.7911       1126.9541      -2027.4956       1379.4429      -1783.3161       2110.2524       3737.6178        181.8939       2937.1006       7579.9298        344.3287       -664.8413       -415.2897       -480.6235        153.9705       6408.8729        489.0411        290.5533        -81.1777        752.9534       4722.3042       -657.7953       -680.2052        178.8410       3223.0391       5761.9372       -446.0308       -455.5702       4670.6286        250.4532       2197.0700       8895.9658       -253.6224       7148.3082       4632.2673        769.6625       4289.1676      14093.6267       -315.1788         52.8680      11078.6562       1022.6682       5885.8097       -169.5483       -288.4701       5909.4415        -96.7125       5464.7842       4024.6370       7299.8772        627.1734       -492.3748       7395.8684        225.7327       6529.6663       8465.9024       -883.6019       8006.8271       5864.4822       9510.9510       7351.3575
      4387.6570       1357.5597        865.3516       1849.4889       2662.1489       3964.4348       2312.3369      -3260.5646       1510.2455       1590.7400      -2590.5383       1019.0301      -2102.5220       1829.8866        547.0287        254.2082        962.6963       2006.4674        519.7017       -937.5693       -674.7469       -934.5521        512.1652       1274.0371        769.2751        651.4687        232.0088        192.5499       1274.8727       -941.0330       -846.1884        493.1129        444.7235       1419.7439       -857.6149         80.6878       1388.5294        557.3661        150.2058       1897.5815       -300.6187       2490.2673        748.7934        802.4276        489.9461       4419.8813       -289.5663        122.4390       1831.3717        175.0569        950.1326       -167.6151       -417.5169       1185.4480       -179.6112       1510.7771        660.4535       1199.2670        566.6983       -745.0154       1599.9156        434.1230       1377.4607       1394.0906       -719.5633       1243.2070       1047.0994       1344.2491        800.2493
      4060.3176       1474.6264        540.9872       2069.2394       1987.6933       2312.3369       2521.8952      -2807.6631        889.9954       1566.4206      -2019.6338       1305.8636      -2598.1487       1870.7103        856.5587        203.6119        630.1135       2397.6316        246.9332       -635.3553       -396.4852       -510.2566        451.4863       1587.4888        544.0717        356.3961        -77.5303        166.9903        708.7232       -718.8237       -746.7964        743.8639        623.4227       1103.4072       -479.4627        182.6051        855.2997        707.8683        132.4532       2265.4568       -224.2306       1596.8033        963.4373        681.8692        756.0884       4780.4125       -183.2516         72.3197       2604.9326        242.1103       1209.6296       -218.7031       -431.1572       1411.7534       -185.9517       1787.0655        760.8581       1525.8466        426.8741       -778.3659       1809.9211        440.4062       1494.6940       1778.5261       -692.5287       1560.6626       1238.6528       1820.9913       1105.5555
     -7584.6544      -4080.0038      -2413.0911      -4285.7473      -3144.2471      -3260.5646      -2807.6631       5660.0915      -1781.8303      -1738.2019       4073.4206      -2081.5407       4394.1819      -4880.0899      -2374.7080       -185.7565      -3104.8582      -4609.0188       -320.9771        832.1882        475.1523        679.8222       -671.7462      -4169.5948       -596.4364       -313.3693       -103.9386       -966.7926      -4453.4771        814.5744       1076.0294       -638.0552      -1303.5801      -4059.1521        664.7329        414.2675      -4801.7892       -864.7520       -802.9156      -5779.0496        260.8101      -7086.1211      -2018.1286      -1570.6117      -1668.3768      -8801.5044        219.8906       -302.6667      -7064.4252      -1163.0685      -2520.1190        260.0152       1083.0008      -3207.5357        534.2696      -4578.1546      -2302.2405      -3280.4370      -1206.1878       1903.9004      -4305.1614      -1237.1641      -4222.1376      -3623.5000       1610.0909      -3594.4681      -3494.0645      -3663.5778      -2672.2119
      7386.3714       5474.5424       2218.8925       6477.5292       1846.7911       1510.2455        889.9954      -1781.8303       1969.8712        836.3822      -1622.8996       1138.0143      -1183.4946       1629.5544       3431.9138         97.1236       3055.0892       5096.5494        145.1448       -166.8557       -131.7561       -297.2037         56.9816       5838.5305         45.1478         75.3391         27.8514        658.1826       4790.7059       -232.9585       -152.4984       -120.6168       2895.1473       6627.9530       -230.7712       -653.0095       5091.6665         49.5492       2088.1518       8054.9870         -7.9327       6837.6708       4093.7496        606.4627       4054.2669       9311.9707        -38.6158         79.9365      10310.0995        864.2681       5228.7376        -97.2927       -218.5698       5687.1785        -73.5996       5093.9784       3775.4827       6474.3851        510.5386       -384.1728       7126.4139        165.9133       6184.0056       7587.3313       -553.9639       7874.0659       5500.4935       8651.0986       6988.0056
      2294.9483       1263.8768        438.8684       1546.9584       1126.9541       1590.7400       1566.4206      -1738.2019        836.3822       1170.2463      -1472.0574        896.6845      -1700.3782       1285.7238        582.7562        140.2941        477.3777       1147.7363        154.4391       -339.1788       -232.2231       -359.2294        305.6255       1081.4325        266.5737        250.6036        -16.1557         72.6665        571.0389       -463.5266       -373.1395        454.5955        476.6986       1221.4561       -336.9590         82.1365        728.9504        461.1999        123.2821       1527.7226        -80.2675       1115.3790        709.9705        446.5612        603.1658       2344.5288        -63.8550         58.0381       1805.1410         93.8987        897.2151       -144.7960       -240.7385       1120.3152        -51.7863       1262.1539        575.0872       1115.3882        276.8381       -454.5074       1429.6884        232.2152       1046.8828       1339.6866       -413.6436       1301.5287        940.6269       1434.3036        882.7894
     -4702.8325      -3187.1909      -1939.3534      -3113.8046      -2027.4956      -2590.5383      -2019.6338       4073.4206      -1622.8996      -1472.0574       3279.3321      -1645.7592       3390.1106      -3635.7343      -1646.7702       -142.2898      -2479.7913      -2494.6258       -240.4364        541.8516        334.9165        587.2589       -554.1178      -2927.9724       -361.6980       -241.5526       -175.1980       -682.5382      -3529.4352        568.4296        687.1944       -438.7328       -896.2235      -3510.5190        551.6283        364.7064      -3933.3919       -666.5503       -525.0265      -4061.9339        119.4414      -5507.9134      -1382.5658      -1222.3468      -1156.1400      -4861.4499         73.9759       -263.6508      -5008.9299       -785.2083      -1738.5894        198.3897        862.4263      -2401.2315        438.5732      -3482.9370      -1657.6073      -2274.4364       -939.4068       1522.5387      -3278.1230       -966.2765      -3222.5018      -2542.9852       1198.6510      -2667.0381      -2553.8917      -2588.8828      -1930.2547
      5241.2343       3561.5090       3261.0072       5062.2509       1379.4429       1019.0301       1305.8636      -2081.5407       1138.0143        896.6845      -1645.7592       2734.4459      -2715.6636       1949.7697       2208.2757         47.8295       4419.6414       3548.8585         61.8038       -163.9332        -93.7964       -167.4255        213.5505       3734.4472         62.2341         26.8347         10.1424        485.8955       7121.0488       -148.6814       -258.9207       -187.1402       2140.0603       3924.9494       -156.2577       -278.4883       7292.9713        169.3399       1538.2802       5183.8445        -42.5970      10153.8013       3048.1642        649.2690       2910.2254       6478.2150        -12.8730        104.1832       6622.6358        568.8582       3860.8670       -151.0115       -858.6198       4180.1290       -504.4808       7488.9939       3066.6875       4814.6891        511.8015      -1565.1373       5344.6018       1093.2740       7658.9113       5617.2475       -803.0312       5549.5388       4505.2985       6317.5779       4932.2822
     -4044.1262      -2589.7248      -2570.2434      -3212.5572      -1783.3161      -2102.5220      -2598.1487       4394.1819      -1183.4946      -1700.3782       3390.1106      -2715.6636       4949.1908      -4066.5302      -1262.8683       -117.7385      -3293.2459      -2056.7988       -164.0525        490.2426        271.4209        439.6401       -727.9683      -2208.3889       -348.6242       -177.4236        -90.1141       -491.1331      -4826.0536        527.8663        778.2910       -625.7757       -863.8325      -2401.6439        440.6082         12.8176      -5240.6155       -960.8670       -294.2835      -3080.9632        109.8626      -7372.1300      -1313.0893      -1256.1141      -1104.0866      -3981.2203         39.3255       -262.1029      -3813.3519       -570.8488      -1646.9796        276.0195       1384.6256      -2327.8865        907.6636      -4863.4052      -1664.2072      -2178.4571       -887.4113       2387.8083      -3220.4676      -1520.0947      -4386.7758      -2469.6409       1383.2228      -2485.4301      -2722.6377      -2487.9671      -1943.6717
      6915.9190       4714.8706       2625.4593       8609.3243       2110.2524       1829.8866       1870.7103      -4880.0899       1629.5544       1285.7238      -3635.7343       1949.7697      -4066.5302       6079.4472       2790.3172         64.9605       3410.5165       4412.1859        139.2277       -344.6442       -204.8842       -306.8786        689.5224       4708.3136        244.2848        110.3692        109.3051        365.6672       5102.8285       -387.1649       -514.4778        781.0921       3400.3782       5011.1635       -328.4953         -0.2225       5501.4705        911.2722       2622.8799       6571.5727        -61.9811       7557.5130       4866.2169       1115.1021       4744.7940       8118.9803        -21.2009        262.0450       8340.5807        347.9693       6195.7767       -207.0695       -685.8401       6882.4384       -157.7879       7428.1989       5649.6738       7652.2229        771.2273      -1238.2049       8682.8198        786.7968       7630.5863       8950.9336      -1120.4359       9203.1250       8419.5593      10047.0605       8951.3906
     20495.6263      14076.1601       5240.6628      17850.6999       3737.6178        547.0287        856.5587      -2374.7080       3431.9138        582.7562      -1646.7702       2208.2757      -1262.8683       2790.3172       9889.6461         15.9464       7432.8121      15931.2836         -7.7048        203.3505         81.2763        159.1646       -432.2243      16324.1037       -249.3799       -417.3934       -390.9380       1771.0108      12252.8941         64.9827         19.8778       -627.7344       8496.9124      16169.1657        208.8787      -1711.3843      12377.8753       -360.5406       6170.3438      22503.5851         25.9452      17099.8571      11944.2626        853.6410      11755.5484      28302.4657       -112.4936          7.2973      29192.0553       2512.0956      15230.8175       -151.8230       -112.6895      15592.6722         32.8636      13490.8381      10664.1223      18836.8717        845.5788       -164.3128      19352.9313        -95.6444      16933.5777      21983.9344      -1064.6711      21936.0634      15418.1245      25237.9225      20279.6535
       296.1331         69.5876        -38.5293        104.7611        181.8939        254.2082        203.6119       -185.7565         97.1236        140.2941       -142.2898         47.8295       -117.7385         64.9605         15.9464         59.6364        -59.3529        176.4474          6.0913        -97.0978        -65.7629        -94.9985         38.3647         77.5788         74.7860         67.8276        -58.8604         -4.4513       -117.8118       -139.5678       -105.2854         78.9876         29.2793         15.5857        -65.7493         39.0836       -113.1161         51.9123         -3.5358         96.4195        -26.5944        -97.6990         51.5048         49.7996         35.5236        428.1168        -15.1429          0.4573        127.3679          2.7872         70.1647        -12.0288         -3.2023         59.6042          3.5539          2.3139         12.7111         83.7430         17.2264         -6.4793         61.9816          1.3251          2.5794         95.0847        -46.9313         64.4484         23.2231         91.9905         34.0318
     15205.3736      11227.8779       7848.2526      14528.1160       2937.1006        962.6963        630.1135      -3104.8582       3055.0892        477.3777      -2479.7913       4419.6414      -3293.2459       3410.5165       7432.8121        -59.3529      10962.3881      11213.3265         33.7740         56.4446         38.6147        -83.4953        -90.2977      12450.3220       -268.4911       -274.4448        143.2985       1694.4352      17847.6232        240.6420        -27.3209      -1334.9531       6643.4574      13419.6151        -28.7698      -1539.7030      18098.7868       -440.8801       5182.2303      17213.4774         46.7401      24936.9468       9383.5598       1227.0689       9265.1973      20072.1155         69.1492        213.9612      22233.4981       2113.5799      11955.5374       -121.7930      -1454.4744      12745.1748      -1002.5487      17177.9179       9293.4930      14890.6345       1173.2554      -2545.6387      16161.4133       1787.3129      19455.7425      17305.3660      -1506.3757      17599.3249      13435.0078      19699.6311      16209.4556
     40226.0771      21518.6079       8005.1824      30791.9018       7579.9298       2006.4674       2397.6316      -4609.0188       5096.5494       1147.7363      -2494.6258       3548.8585      -2056.7988       4412.1859      15931.2836        176.4474      11213.3265      32132.6564        -83.4027       -126.9332        121.5794        605.7916       -979.2809      26774.2675        441.0586       -140.0842       -739.5351       2696.7770      19250.1541       -591.3074       -658.3216       -593.9723      14740.9324      23875.5018          8.5396      -2225.0795      18376.5183       -396.4893      10389.6587      37194.8214       -423.8715      27356.6898      20811.3907       1295.0051      19823.5157      57296.5815       -409.2334       -219.0557      47514.0561       3933.6659      26546.0840       -331.1832         13.2926      25819.9967        213.8622      22268.6307      17873.1136      32825.2712       1275.7891        111.3718      32088.9069       -514.3226      28077.1060      38245.3092      -2046.4207      36290.6237      25840.0820      43764.3984      34226.3935
       225.9458        183.4434         63.5927        123.1901        344.3287        519.7017        246.9332       -320.9771        145.1448        154.4391       -240.4364         61.8038       -164.0525        139.2277         -7.7048          6.0913         33.7740        -83.4027        444.9774        -85.5990       -223.8259       -149.1229        119.3868         37.8664         71.1768         16.4136         55.2544        -32.9701         16.8652        -41.7895        -35.1719         54.3913         13.0180         77.7458        -74.6168         42.8163         37.3918         66.5278        -37.3079        -49.0632        -23.8531         43.7941         19.7996         23.9098          6.4057       -236.7141       -200.5935         10.0916        -96.2501        -46.0534         19.7446        -26.2186        -14.3534         44.6616         -1.8476         25.7333         11.1863         12.1082         11.8170        -26.7053         64.9363          5.3959         13.8415         37.5758        -30.9843         26.4849         43.6135         53.9733         29.7605
      -358.0652        339.1406        168.1769        117.9317       -664.8413       -937.5693       -635.3553        832.1882       -166.8557       -339.1788        541.8516       -163.9332        490.2426       -344.6442        203.3505        -97.0978         56.4446       -126.9332        -85.5990        697.8810        315.4175        578.0895       -233.9678        126.4181       -416.3657       -284.4583       -125.7842        -17.0823        403.7780        459.2354        668.2697       -315.8615        115.1820        312.8784        339.4692       -105.7251        332.4712       -256.2169        114.6959        -26.3881        102.0433         28.2115        106.0284       -222.1742        188.0547      -1144.7771         19.6214        -55.5443        130.3626        -90.1680        119.0093         19.8592        158.5820         95.1570        122.2042         16.3787         17.1611        110.4538       -161.1914        272.2070         96.0934       -183.4278         60.0016        203.5393        247.8349        338.8198        -15.3960        375.9895        142.8299
       -37.2975        110.2337         36.4688        -39.0640       -415.2897       -674.7469       -396.4852        475.1523       -131.7561       -232.2231        334.9165        -93.7964        271.4209       -204.8842         81.2763        -65.7629         38.6147        121.5794       -223.8259        315.4175        404.4923        353.4200       -183.7502         94.3902       -242.6488       -148.9989        -18.8976         52.8456        144.1201        278.5694        218.2220       -159.0699         22.7239        218.6002        218.0371       -134.0850        139.7519       -133.9336         67.8593        115.4867         85.3818         32.6779         11.7466        -84.0499         31.7990        -98.8903         96.8464        -23.7418        267.5013         50.9523         13.1250         22.4892         47.3224        -15.0622         27.7317        -14.8222         -4.5160         24.2151        -44.7407         88.7238         13.2914        -67.7955         18.5321         32.8824         83.0986         70.9410        -43.3012         79.0962         -1.0388
       413.9873         69.8916         43.6709        138.4326       -480.6235       -934.5521       -510.2566        679.8222       -297.2037       -359.2294        587.2589       -167.4255        439.6401       -306.8786        159.1646        -94.9985        -83.4953        605.7916       -149.1229        578.0895        353.4200        707.8894       -260.5188        106.8342       -282.1841       -263.9743       -130.8023        -20.7604        137.0326        405.4761        512.4914       -213.3612        133.6328        -45.4430        316.9634        -35.6078         70.0117       -214.6575         96.5150        -59.1109         -6.0594       -192.6253        145.3519       -223.9428        181.7577        308.8717        -50.4495        -91.6277        -39.0801       -104.5570        165.6710          0.6156        153.8628         58.8241        105.7255        -42.3700         16.8874        175.8394       -163.6826        273.0120         63.7438       -190.4890         -3.8083        262.8665        222.8961        281.1376         -7.2676        395.5096        147.6225
     -1023.7577       -491.7435        -73.6546        -34.4667        153.9705        512.1652        451.4863       -671.7462         56.9816        305.6255       -554.1178        213.5505       -727.9683        689.5224       -432.2243         38.3647        -90.2977       -979.2809        119.3868       -233.9678       -183.7502       -260.5188        319.5318       -684.1819        155.8775        126.2797         82.3984       -230.5464       -350.6800       -191.9395       -234.3106        387.2621       -114.5615       -561.8232       -173.2738        323.8775       -222.3212        350.7355       -317.2217       -916.6276        -28.1200       -294.6192       -142.2612        145.0123       -135.1757      -1521.1016        -30.4188         56.1412      -1239.3735       -270.2986       -165.8908        -39.2860       -188.9046        -28.1065       -142.9032        128.4648         23.1729       -215.5113         28.9016       -310.5068        -37.8883        175.8454         -1.2126       -219.7398        -85.2492       -127.0117        252.2726       -305.5456         53.1909
     34518.2126      23480.7640       8741.6025      29800.9108       6408.8729       1274.0371       1587.4888      -4169.5948       5838.5305       1081.4325      -2927.9724       3734.4472      -2208.3889       4708.3136      16324.1037         77.5788      12450.3220      26774.2675         37.8664        126.4181         94.3902        106.8342       -684.1819      27377.7080       -267.6658       -626.7465       -556.9074       3007.4671      20444.5897         47.6386       -133.4911      -1001.1282      14160.8182      27113.1181        273.5288      -2905.9928      20673.2351       -562.4781      10300.0018      37730.5382         -7.7500      28648.0389      19920.6897       1489.5260      19565.2128      47875.6690       -218.0862         22.4626      48934.4452       4281.8947      25410.0293       -255.8489       -226.7251      26010.7608         23.9605      22545.6173      17783.4758      31445.8008       1479.3961       -342.3446      32316.0881       -115.3378      28280.2429      36674.3740      -1848.2164      36547.2490      25696.2297      42073.1130      33766.8534
